# solar spectrum in space. approximate 0.1319W/(cm^2) or 1319W/(m^2)
# wavelength[um]  S[W/(cm^2*um)]

0.300  0.0514
0.320  0.0830
0.340  0.1074
0.360  0.1068
0.380  0.1120
0.390  0.1098
0.400  0.1429
0.405  0.1644
0.410  0.1751  
0.420  0.1747
0.435  0.1663
0.445  0.1922
0.455  0.2057
0.475  0.2044
0.495  0.1960
0.515  0.1833
0.535  0.1818
0.555  0.1720
0.575  0.1719
0.595  0.1682
0.620  0.1602
0.640  0.1544
0.660  0.1486
0.680  0.1427
0.700  0.1369
0.720  0.1314
0.740  0.1260
0.750  0.1235
0.800  0.1107
0.850  0.0988
0.900  0.0899
0.950  0.0835
1.000  0.0746
1.200  0.0484
1.400  0.0336
1.600  0.0244
1.800  0.0159
2.000  0.0103
2.200  0.0079
2.400  0.0064
2.600  0.0048
2.800  0.0039
3.000  0.0031
